matrix
2.6941299438476562e-05
0.00018668174743652344
5.9604644775390625e-05
3.814697265625e-05    
3.504753112792969e-05 
3.266334533691406e-05 
2.4318695068359375e-05
2.3603439331054688e-05
2.9325485229492188e-05
0.00012636184692382812
0.002956390380859375  
9.369850158691406e-05 
0.00031876564025878906
0.0001621246337890625 
3.600120544433594e-05 
9.417533874511719e-05 
8.821487426757812e-05 
0.00013780593872070312
9.608268737792969e-05 
0.0003135204315185547
0.00023436546325683594
0.00012111663818359375
0.000339508056640625
0.00018072128295898438
0.0002608299255371094
0.00016355514526367188
0.00010251998901367188
0.0001919269561767578
0.0002949237823486328
0.000278472900390625
0.00019550323486328125
0.0002949237823486328
0.0007405281066894531
0.0007317066192626953
0.0005068778991699219
0.00040602684020996094
0.00045371055603027344
0.0003871917724609375
0.0004119873046875
0.0004210472106933594
0.0006246566772460938
0.0011632442474365234
0.0017018318176269531
0.0005269050598144531
0.0003325939178466797
0.00032019615173339844
0.00033926963806152344
0.0004112720489501953
0.0003504753112792969
0.0003972053527832031
0.0004298686981201172
0.0003910064697265625
0.005645275115966797
0.0013530254364013672
0.002092123031616211
0.010230302810668945
0.007382392883300781
0.010929584503173828
0.017758607864379883
0.005362510681152344
0.003400087356567383
0.0038437843322753906
0.00713801383972168
0.005187034606933594
0.004532814025878906
0.004400968551635742
0.004580974578857422
0.002731800079345703
0.0025310516357421875
0.0019092559814453125
0.010069131851196289
0.014184713363647461
0.004976034164428711
0.0051860809326171875
0.006617546081542969
0.0012998580932617188
0.0013074874877929688
0.0011723041534423828
0.017449140548706055
0.012711286544799805
0.01738739013671875
0.010887861251831055
0.0019965171813964844
0.009128808975219727
0.0055615901947021484
0.007850408554077148
0.0051915645599365234
0.0028696060180664062
0.0024962425231933594
0.009340763092041016
0.00965428352355957
0.0032699108123779297
0.002945423126220703
0.002416849136352539
0.0020093917846679688
0.017389297485351562
0.00531005859375
0.03261280059814453
0.03483009338378906
0.04180550575256348
0.022571563720703125
0.016235828399658203
0.0157470703125
0.0020439624786376953
0.008813858032226562
0.007349491119384766
0.01715850830078125
0.0049822330474853516
0.013663053512573242
0.010610818862915039
0.008292913436889648
0.0055446624755859375
0.011281967163085938
0.026007413864135742
0.02114129066467285
0.036310672760009766
0.016898393630981445
0.01300954818725586
0.03125405311584473
0.009416580200195312
0.01813673973083496
0.015729427337646484
0.019893169403076172
0.018668174743652344
0.016818523406982422
0.019137144088745117
0.019756555557250977
0.026576995849609375
0.00897836685180664
0.01775360107421875
0.017733097076416016
0.02878856658935547
0.00739598274230957
0.01741194725036621
0.01791691780090332
0.0179903507232666
0.019003629684448242
0.03503131866455078
0.01599597930908203
0.010452985763549805
0.056619882583618164
0.024310827255249023
0.009099721908569336
0.018002033233642578
0.011434793472290039
0.004947185516357422
0.017312288284301758
0.00920414924621582
0.004185676574707031
0.0231020450592041
0.005753278732299805
0.011535406112670898
0.01474761962890625
0.008755922317504883
0.012143611907958984
0.016787290573120117
0.05808758735656738
0.026273488998413086
0.023189783096313477
0.009759187698364258
0.028183937072753906
0.00503230094909668
0.016192197799682617
0.005255699157714844
0.011773109436035156
0.014965534210205078
0.011652469635009766
0.0073473453521728516
0.014490365982055664
0.014426946640014648
0.03164196014404297
0.02437615394592285
0.011409521102905273
0.024408578872680664
0.008490562438964844
0.026645660400390625
0.017171859741210938
0.013400554656982422
0.00752568244934082
0.01907515525817871
0.012245655059814453
0.02535390853881836
0.018572330474853516
0.023215055465698242
0.02890300750732422
0.021593332290649414
0.013711690902709961
0.014412641525268555
0.015813350677490234
0.025166749954223633
0.009133338928222656
0.02758002281188965
0.010998249053955078
0.016190290451049805
0.011989593505859375
0.0232846736907959
0.015654325485229492
0.01508021354675293
0.016316890716552734
0.013857603073120117
0.02548980712890625
0.012054204940795898
0.025659799575805664
0.019885778427124023
0.01616811752319336
0.023870229721069336
0.023624181747436523
0.012909889221191406
0.019542217254638672
0.016916275024414062
0.024736404418945312
0.017984628677368164
0.01569676399230957
0.029331445693969727
0.018199682235717773
0.02285623550415039
0.011907577514648438
0.02449655532836914
0.014274835586547852
0.023821115493774414
0.03209567070007324
0.01462697982788086
0.02467513084411621
0.03241395950317383
0.02354121208190918
0.0302276611328125
0.018067598342895508
0.02106332778930664
0.021322250366210938
0.03261065483093262
0.02491283416748047
0.023932456970214844
0.023063182830810547
0.01890110969543457
0.019572019577026367
0.04149150848388672
0.02316570281982422
0.022208213806152344
0.025498628616333008
0.017783641815185547
0.023760557174682617
0.02508091926574707
0.031034469604492188
0.015764236450195312
0.03312397003173828
0.032866716384887695
0.019550323486328125
0.019932985305786133
0.027008056640625
0.06845521926879883
####
[3.8154187202453613]
Mean matrix_multiplier.py 1: 3.8154187202453613
Std matrix_multiplier.py 1: 0.0
integrate
0.00019860267639160156
0.00018477439880371094
0.00015115737915039062
0.0001952648162841797
0.00021529197692871094
0.00017595291137695312
0.0002224445343017578
0.0001583099365234375
0.00018858909606933594
0.0001709461212158203
0.0001876354217529297
0.00017786026000976562
0.00011801719665527344
0.00020313262939453125
0.00016736984252929688
0.00017881393432617188
0.00014901161193847656
0.0001442432403564453
0.00018978118896484375
0.00018072128295898438
0.00019621849060058594
0.00020003318786621094
0.00019431114196777344
0.00017833709716796875
0.00016760826110839844
0.00021004676818847656
0.00019979476928710938
0.0001366138458251953
0.00019407272338867188
0.0001723766326904297
0.00013303756713867188
0.00016546249389648438
0.00016760826110839844
8.726119995117188e-05
0.00014066696166992188
0.0001747608184814453
0.00013828277587890625
0.0001399517059326172
0.00013136863708496094
0.00011849403381347656
0.0001537799835205078
0.00012493133544921875
0.00013303756713867188
0.000125885009765625
0.0001270771026611328
0.00018858909606933594
0.00016236305236816406
0.0003139972686767578
0.0001304149627685547
0.00014209747314453125
0.0002677440643310547
0.00021195411682128906
0.00014781951904296875
0.00016164779663085938
0.00035500526428222656
0.00016307830810546875
0.00023746490478515625
0.0002608299255371094
0.0003161430358886719
0.00014591217041015625
0.00013065338134765625
0.00023436546325683594
0.00019979476928710938
0.00012922286987304688
0.00023984909057617188
0.00021386146545410156
0.000461578369140625
0.00021576881408691406
0.00047516822814941406
0.00021266937255859375
0.0003743171691894531
0.00022721290588378906
0.00018215179443359375
0.00016999244689941406
0.00026154518127441406
0.0003879070281982422
0.0002434253692626953
0.0003304481506347656
0.00017309188842773438
0.00014162063598632812
0.00033020973205566406
0.0001659393310546875
0.00016832351684570312
0.00027179718017578125
9.942054748535156e-05
0.00015354156494140625
0.0001685619354248047
0.00016641616821289062
0.00022101402282714844
0.00020074844360351562
0.0002086162567138672
0.00017881393432617188
0.00030159950256347656
0.00026488304138183594
0.0003325939178466797
0.0005156993865966797
0.0002684593200683594
0.0002300739288330078
0.00028634071350097656
0.00018548965454101562
0.0002486705780029297
0.0002532005310058594
0.00022125244140625
0.0003147125244140625
0.0017478466033935547
0.0003032684326171875
0.00018477439880371094
0.00048732757568359375
0.00014662742614746094
0.00011205673217773438
0.00012969970703125
0.0004963874816894531
0.00016617774963378906
0.00028967857360839844
0.00023436546325683594
0.0003628730773925781
0.0002799034118652344
0.0002913475036621094
0.0002009868621826172
0.0003173351287841797
0.0002446174621582031
0.00030112266540527344
0.00022864341735839844
0.0001964569091796875
0.0004093647003173828
0.00014853477478027344
0.00041747093200683594
0.0005710124969482422
0.00020003318786621094
0.00041031837463378906
0.0009715557098388672
0.0004394054412841797
0.00022912025451660156
0.0005128383636474609
0.0003905296325683594
0.00031876564025878906
0.00024056434631347656
0.0001914501190185547
0.00021982192993164062
0.00016450881958007812
0.0001990795135498047
0.0001316070556640625
0.00012874603271484375
0.0002052783966064453
0.00016880035400390625
0.0001323223114013672
0.00013327598571777344
0.00013256072998046875
0.00017213821411132812
0.00013327598571777344
0.0001480579376220703
0.0001308917999267578
0.0001571178436279297
8.130073547363281e-05
0.00012350082397460938
0.00010991096496582031
6.628036499023438e-05
0.000118255615234375
0.00016832351684570312
0.00012087821960449219
0.00018644332885742188
0.00016927719116210938
0.0003414154052734375
0.00013899803161621094
0.00015783309936523438
0.00035500526428222656
0.00015854835510253906
0.00011277198791503906
9.989738464355469e-05
0.0002644062042236328
0.00016450881958007812
0.0002734661102294922
0.00014209747314453125
0.00013637542724609375
0.00013494491577148438
0.0003211498260498047
0.0001690387725830078
0.0001399517059326172
0.00014591217041015625
0.00022983551025390625
0.0001442432403564453
0.0001366138458251953
0.00016641616821289062
0.00013899803161621094
0.0003135204315185547
0.00018072128295898438
0.00021457672119140625
0.0003745555877685547
0.00015354156494140625
0.00013303756713867188
0.0003025531768798828
0.00013709068298339844
0.00022721290588378906
0.0009052753448486328
0.0004611015319824219
0.000396728515625
0.00028705596923828125
0.0001583099365234375
0.00021195411682128906
0.0002028942108154297
0.00018525123596191406
0.000217437744140625
0.00026035308837890625
0.00025177001953125
0.0002968311309814453
0.0004980564117431641
0.0003170967102050781
0.0002646446228027344
0.0002219676971435547
0.00023055076599121094
0.0003108978271484375
0.0002872943878173828
0.0002646446228027344
0.0002892017364501953
0.00022721290588378906
0.0001938343048095703
0.0006539821624755859
0.0009014606475830078
0.0003440380096435547
0.0008132457733154297
0.00016021728515625
0.00014781951904296875
0.00021004676818847656
0.0005364418029785156
0.0001049041748046875
0.0001926422119140625
0.0005395412445068359
0.00013113021850585938
0.00026702880859375
0.00020432472229003906
0.00028634071350097656
0.0002434253692626953
0.0007412433624267578
0.0004432201385498047
0.0016677379608154297
0.0003082752227783203
0.0014042854309082031
0.0001304149627685547
8.7738037109375e-05
0.00023055076599121094
0.00016117095947265625
0.00018668174743652344
0.00017714500427246094
0.00013875961303710938
0.000225067138671875
0.00015854835510253906
0.0001747608184814453
0.00016260147094726562
0.00016808509826660156
0.00018930435180664062
###
[0.41982460021972656]
Mean integrate_boole.py 1: 0.41982460021972656
Std integrate_boole.py 1: 0.0
0.050318002700805664
0.05574631690979004
0.037416934967041016
0.03885173797607422
0.03621387481689453
0.0362238883972168
0.0357670783996582
0.03638744354248047
0.03287315368652344
0.037687063217163086
0.0361478328704834
0.036432743072509766
0.034621477127075195
0.04031729698181152
0.043979644775390625
0.05013465881347656
0.04783439636230469
0.04237699508666992
0.0395817756652832
0.04620671272277832
0.03592252731323242
0.03773665428161621
0.04387927055358887
0.03566932678222656
0.04063749313354492
0.0388636589050293
0.035080671310424805
0.03833460807800293
0.0363926887512207
0.033037662506103516
0.03835034370422363
0.03729438781738281
0.033735036849975586
0.038429975509643555
0.04297018051147461
0.03553652763366699
0.03544759750366211
0.03578376770019531
0.03638577461242676
0.03266286849975586
0.042023420333862305
0.039983272552490234
0.03941607475280762
0.036823272705078125
0.03533315658569336
0.034810781478881836
0.03670144081115723
0.03216361999511719
0.03880476951599121
0.03664040565490723
0.03856682777404785
0.03543424606323242
0.030400991439819336
0.04026436805725098
0.03821539878845215
0.035866498947143555
0.036196231842041016
0.0358576774597168
0.03834891319274902
0.03864693641662598
0.03508138656616211
0.037067413330078125
0.03532767295837402
0.03245282173156738
0.03746461868286133
0.037889719009399414
0.03545880317687988
0.03570246696472168
0.03502988815307617
0.04106020927429199
0.03767251968383789
0.03735232353210449
0.03649449348449707
0.034047842025756836
0.03726601600646973
0.03533339500427246
0.035845041275024414
0.03754377365112305
0.03500175476074219
0.0401606559753418
0.03951239585876465
0.037377357482910156
0.03934454917907715
0.03704476356506348
0.037378549575805664
0.03560328483581543
0.039160966873168945
0.03734183311462402
0.03569960594177246
0.0358891487121582
0.03569293022155762
0.0340576171875
0.03812837600708008
0.03568005561828613
0.0403594970703125
0.035332441329956055
0.042635202407836914
0.036286354064941406
0.03617525100708008
0.033865928649902344
0.04070568084716797
0.035040855407714844
0.037729501724243164
0.03556108474731445
0.043735504150390625
0.035280704498291016
0.03769087791442871
0.03767228126525879
0.03685569763183594
0.03734183311462402
0.0382082462310791
0.037938833236694336
0.03734755516052246
0.03636026382446289
0.03990888595581055
0.03850412368774414
0.03537392616271973
0.03575944900512695
0.0379023551940918
0.0390009880065918
0.03910946846008301
0.041248321533203125
0.038248538970947266
0.03743290901184082
0.03678107261657715
0.031403303146362305
0.03544282913208008
0.033998966217041016
0.038889408111572266
0.03674817085266113
0.034949302673339844
0.03517460823059082
0.036382198333740234
0.03378438949584961
0.03905797004699707
0.03501629829406738
0.0372159481048584
0.03573179244995117
0.03864741325378418
0.037184715270996094
0.03492116928100586
0.03565502166748047
0.03602337837219238
0.03533744812011719
0.03536367416381836
0.037050485610961914
0.0369870662689209
0.04244661331176758
0.0424652099609375
0.04667162895202637
0.04821038246154785
0.03868460655212402
0.04000377655029297
0.047737836837768555
0.04507899284362793
0.03702712059020996
0.033658504486083984
0.04717445373535156
0.03703904151916504
0.039847612380981445
0.03670191764831543
0.03726601600646973
0.03505396842956543
0.03400588035583496
0.037056922912597656
0.03680276870727539
0.036298513412475586
0.03679943084716797
0.035809993743896484
0.03421640396118164
0.03675699234008789
0.037148475646972656
0.0350346565246582
0.039357662200927734
0.03947710990905762
0.03940916061401367
0.03842663764953613
0.041510820388793945
0.036544084548950195
0.03765249252319336
0.039906978607177734
0.03568077087402344
0.03706932067871094
0.0361180305480957
0.03623509407043457
0.03930473327636719
0.03895378112792969
0.03623819351196289
0.03497600555419922
0.04358506202697754
0.03638267517089844
0.03540968894958496
0.0688166618347168
0.03174734115600586
0.04010128974914551
0.036855459213256836
0.03581118583679199
0.03607606887817383
0.03292083740234375
0.040776968002319336
0.04111170768737793
0.042931318283081055
0.03625226020812988
0.03680610656738281
0.03805828094482422
0.03564286231994629
0.03704333305358887
0.03615832328796387
0.03521895408630371
0.03837275505065918
0.03289175033569336
0.0388636589050293
0.03723502159118652
0.03657865524291992
0.03577899932861328
0.03366279602050781
0.04119396209716797
0.03566312789916992
0.0361323356628418
0.035108089447021484
0.032305002212524414
0.03588414192199707
0.0394899845123291
0.03612232208251953
0.03653669357299805
0.037474870681762695
0.03336286544799805
0.039045095443725586
0.03691697120666504
0.03410601615905762
0.038277387619018555
0.03336071968078613
0.035400390625
0.038237810134887695
0.0364680290222168
0.03549456596374512
0.0367584228515625
0.03443431854248047
0.04037976264953613
0.039954423904418945
0.04395151138305664
0.038583993911743164
0.04307985305786133
0.037464141845703125
0.03831624984741211
0.036150455474853516
0.04369926452636719
0.04676485061645508
0.03602337837219238
0.03863859176635742
###
[10.500041961669922]
Mean sympy_calc.py 1: 10.500041961669922
Std sympy_calc.py 1: 0.0
-------------
Total Simulation Time
-------------
14.739387512207031