py -ni 1
0.2104194164276123
0.0
0.0
0.0
2.5553717613220215
0.0
0.0
0.0
7.927014350891113
0.0
0.0
0.0

10.698159217834473

0.0004949569702148438
7.724761962890625e-05
0.0001285076141357422
5.698204040527344e-05
5.125999450683594e-05
5.0067901611328125e-05
4.9591064453125e-05
4.935264587402344e-05
4.935264587402344e-05
4.839897155761719e-05
4.839897155761719e-05
4.8160552978515625e-05
8.797645568847656e-05
7.390975952148438e-05
4.696846008300781e-05
4.57763671875e-05
4.482269287109375e-05
4.4345855712890625e-05
4.410743713378906e-05
4.38690185546875e-05
4.935264587402344e-05
4.38690185546875e-05
4.410743713378906e-05
4.744529724121094e-05
4.7206878662109375e-05
4.744529724121094e-05
4.76837158203125e-05
4.363059997558594e-05
4.38690185546875e-05
4.38690185546875e-05
4.38690185546875e-05
4.38690185546875e-05
4.3392181396484375e-05
4.363059997558594e-05
9.274482727050781e-05
9.179115295410156e-05
5.6743621826171875e-05
6.556510925292969e-05
4.839897155761719e-05
8.034706115722656e-05
6.198883056640625e-05
4.601478576660156e-05
4.4345855712890625e-05
4.410743713378906e-05
4.410743713378906e-05
5.698204040527344e-05
0.0003745555877685547
5.53131103515625e-05
5.173683166503906e-05
5.030632019042969e-05
5.1021575927734375e-05
5.030632019042969e-05
4.9591064453125e-05
4.982948303222656e-05
4.9114227294921875e-05
4.9591064453125e-05
4.935264587402344e-05
7.128715515136719e-05
5.173683166503906e-05
5.0067901611328125e-05
4.982948303222656e-05
4.9114227294921875e-05
4.839897155761719e-05
4.863739013671875e-05
4.887580871582031e-05
4.839897155761719e-05
4.863739013671875e-05
4.887580871582031e-05
4.839897155761719e-05
4.863739013671875e-05
4.887580871582031e-05
4.887580871582031e-05
4.839897155761719e-05
7.295608520507812e-05
5.125999450683594e-05
5.0067901611328125e-05
4.982948303222656e-05
4.863739013671875e-05
4.553794860839844e-05
4.5299530029296875e-05
4.4345855712890625e-05
4.410743713378906e-05
4.4345855712890625e-05
4.363059997558594e-05
4.3392181396484375e-05
4.3392181396484375e-05
4.363059997558594e-05
4.38690185546875e-05
4.38690185546875e-05
4.38690185546875e-05
5.555152893066406e-05
4.6253204345703125e-05
4.506111145019531e-05
4.482269287109375e-05
4.38690185546875e-05
4.38690185546875e-05
4.38690185546875e-05
4.410743713378906e-05
4.38690185546875e-05
4.363059997558594e-05
4.291534423828125e-05
4.3392181396484375e-05
4.3392181396484375e-05
4.38690185546875e-05
4.3392181396484375e-05
4.315376281738281e-05
7.104873657226562e-05
5.459785461425781e-05
4.57763671875e-05
4.506111145019531e-05
4.482269287109375e-05
4.410743713378906e-05
4.410743713378906e-05
4.363059997558594e-05
4.410743713378906e-05
4.38690185546875e-05
4.38690185546875e-05
4.363059997558594e-05
4.363059997558594e-05
4.3392181396484375e-05
4.38690185546875e-05
4.315376281738281e-05
4.3392181396484375e-05
9.489059448242188e-05
5.125999450683594e-05
4.57763671875e-05
4.506111145019531e-05
4.506111145019531e-05
4.482269287109375e-05
4.4345855712890625e-05
4.3392181396484375e-05
4.4345855712890625e-05
4.4345855712890625e-05
4.4345855712890625e-05
4.4345855712890625e-05
4.4345855712890625e-05
4.3392181396484375e-05
4.315376281738281e-05
4.363059997558594e-05
4.4345855712890625e-05
6.961822509765625e-05
5.245208740234375e-05
5.078315734863281e-05
5.030632019042969e-05
4.935264587402344e-05
4.887580871582031e-05
4.887580871582031e-05
4.887580871582031e-05
4.887580871582031e-05
4.887580871582031e-05
4.839897155761719e-05
4.839897155761719e-05
4.8160552978515625e-05
4.863739013671875e-05
4.839897155761719e-05
4.839897155761719e-05
6.556510925292969e-05
5.173683166503906e-05
4.982948303222656e-05
4.9591064453125e-05
4.9114227294921875e-05
4.935264587402344e-05
4.9114227294921875e-05
4.9114227294921875e-05
4.8160552978515625e-05
4.887580871582031e-05
4.9591064453125e-05
4.9591064453125e-05
4.9114227294921875e-05
4.792213439941406e-05
4.9114227294921875e-05
8.702278137207031e-05
5.221366882324219e-05
4.57763671875e-05
4.649162292480469e-05
4.506111145019531e-05
4.458427429199219e-05
5.984306335449219e-05
6.198883056640625e-05
4.3392181396484375e-05
4.38690185546875e-05
4.410743713378906e-05
4.410743713378906e-05
8.106231689453125e-05
6.246566772460938e-05
4.410743713378906e-05
4.363059997558594e-05
4.3392181396484375e-05
4.38690185546875e-05
4.410743713378906e-05
4.363059997558594e-05
4.38690185546875e-05
7.534027099609375e-05
6.103515625e-05
4.982948303222656e-05
4.839897155761719e-05
4.839897155761719e-05
4.76837158203125e-05
7.939338684082031e-05
4.38690185546875e-05
4.315376281738281e-05
4.38690185546875e-05
4.3392181396484375e-05
4.315376281738281e-05
4.291534423828125e-05
4.315376281738281e-05
4.363059997558594e-05
4.363059997558594e-05
4.3392181396484375e-05
0.003027677536010742
0.00014781951904296875
8.0108642578125e-05
6.961822509765625e-05
5.078315734863281e-05
5.030632019042969e-05
5.0067901611328125e-05
6.961822509765625e-05
0.00014925003051757812
6.937980651855469e-05
6.29425048828125e-05
9.632110595703125e-05
4.887580871582031e-05
4.839897155761719e-05
4.792213439941406e-05
0.00010895729064941406
5.125999450683594e-05
6.771087646484375e-05
7.271766662597656e-05
5.507469177246094e-05
4.935264587402344e-05
4.863739013671875e-05
0.00010561943054199219
6.866455078125e-05
4.9114227294921875e-05
4.887580871582031e-05
4.863739013671875e-05
4.863739013671875e-05
4.792213439941406e-05
4.8160552978515625e-05
4.792213439941406e-05
4.744529724121094e-05
9.179115295410156e-05
9.942054748535156e-05
5.4836273193359375e-05
5.3882598876953125e-05
5.269050598144531e-05
5.245208740234375e-05
0.00020122528076171875
0.00016117095947265625
0.00011539459228515625

2.4080276489257812e-05
0.003187417984008789
2.2172927856445312e-05
1.239776611328125e-05
1.5974044799804688e-05
1.430511474609375e-05
3.337860107421875e-05
1.4781951904296875e-05
1.5497207641601562e-05
1.2636184692382812e-05
1.5735626220703125e-05
1.9073486328125e-05
1.9311904907226562e-05
1.9073486328125e-05
2.3365020751953125e-05
2.574920654296875e-05
2.9325485229492188e-05
3.123283386230469e-05
3.4332275390625e-05
3.743171691894531e-05
4.482269287109375e-05
4.458427429199219e-05
5.793571472167969e-05
5.793571472167969e-05
5.793571472167969e-05
6.437301635742188e-05
6.771087646484375e-05
7.581710815429688e-05
8.177757263183594e-05
8.511543273925781e-05
0.00011444091796875
0.00010347366333007812
0.00010919570922851562
0.00011205673217773438
0.00012159347534179688
0.00013017654418945312
0.00013971328735351562
0.00015473365783691406
0.000156402587890625
0.0001671314239501953
0.00017142295837402344
0.00020575523376464844
0.00020051002502441406
0.0002071857452392578
0.00021600723266601562
0.000270843505859375
0.0002453327178955078
0.00025463104248046875
0.0002834796905517578
0.0002856254577636719
0.00029277801513671875
0.0005586147308349609
0.0003101825714111328
0.0003147125244140625
0.00034928321838378906
0.00034499168395996094
0.0003707408905029297
0.0003781318664550781
0.00038814544677734375
0.00042057037353515625
0.0004215240478515625
0.0004627704620361328
0.000457763671875
0.0004963874816894531
0.0005593299865722656
0.0006103515625
0.000644683837890625
0.0007765293121337891
0.0008397102355957031
0.0053005218505859375
0.0056896209716796875
0.0013158321380615234
0.0011436939239501953
0.0013992786407470703
0.0009987354278564453
0.002627134323120117
0.0018818378448486328
0.0018153190612792969
0.002036571502685547
0.0016863346099853516
0.0016326904296875
0.0014503002166748047
0.008124351501464844
0.0025396347045898438
0.002572298049926758
0.0017175674438476562
0.0017094612121582031
0.0016071796417236328
0.0019867420196533203
0.0018398761749267578
0.0019092559814453125
0.0019254684448242188
0.0048062801361083984
0.002056121826171875
0.0064983367919921875
0.0030336380004882812
0.002897977828979492
0.0023751258850097656
0.002111196517944336
0.0022835731506347656
0.002113819122314453
0.0025458335876464844
0.004079103469848633
0.0024976730346679688
0.0034313201904296875
0.0034973621368408203
0.002998828887939453
0.002940654754638672
0.0024046897888183594
0.0028123855590820312
0.0028383731842041016
0.004046201705932617
0.007839202880859375
0.003930568695068359
0.003603696823120117
0.0053746700286865234
0.003881216049194336
0.003253936767578125
0.006132364273071289
0.005054950714111328
0.003865480422973633
0.0036172866821289062
0.003931999206542969
0.00919032096862793
0.00717473030090332
0.005980730056762695
0.004494667053222656
0.004164695739746094
0.008413553237915039
0.004301309585571289
0.008136510848999023
0.005087614059448242
0.006024837493896484
0.006473064422607422
0.0050165653228759766
0.008332490921020508
0.005528926849365234
0.011695623397827148
0.004862546920776367
0.00794529914855957
0.006961345672607422
0.010366201400756836
0.006275177001953125
0.006461381912231445
0.00614476203918457
0.012106180191040039
0.007035970687866211
0.006600379943847656
0.006146669387817383
0.01107335090637207
0.007972478866577148
0.007045745849609375
0.006503582000732422
0.010756492614746094
0.009816646575927734
0.007146120071411133
0.014080286026000977
0.008962869644165039
0.008667469024658203
0.013366222381591797
0.010097503662109375
0.008904218673706055
0.014336585998535156
0.009000539779663086
0.008426189422607422
0.011962890625
0.013571977615356445
0.009013891220092773
0.012070178985595703
0.008735418319702148
0.010968923568725586
0.011711835861206055
0.00931549072265625
0.018021345138549805
0.010721683502197266
0.013233661651611328
0.014083147048950195
0.009586572647094727
0.014798402786254883
0.01597905158996582
0.013454198837280273
0.01628899574279785
0.01454019546508789
0.014412403106689453
0.015415191650390625
0.01479649543762207
0.015422821044921875
0.013503551483154297
0.019413471221923828
0.012160301208496094
0.02135944366455078
0.014587163925170898
0.01723790168762207
0.01466059684753418
0.021107196807861328
0.014019012451171875
0.02041935920715332
0.013025283813476562
0.02065873146057129
0.0151824951171875
0.02030777931213379
0.02189016342163086
0.016897916793823242
0.01641678810119629
0.018151283264160156
0.02188706398010254
0.023642301559448242
0.015049457550048828
0.026261329650878906
0.02383255958557129
0.019060373306274414
0.02396678924560547
0.020928382873535156
0.02041912078857422
0.024996280670166016
0.021310806274414062
0.02089405059814453
0.0216829776763916
0.02755904197692871
0.02424788475036621
0.021620988845825195
0.024020671844482422
0.027785062789916992
0.022379159927368164
0.022838354110717773
0.024959087371826172
0.027027606964111328
0.029181718826293945
0.030160188674926758
0.026871919631958008
0.025995492935180664
0.030361413955688477
0.027554750442504883
0.02582716941833496
0.03167152404785156
0.029700040817260742
0.029150962829589844
0.02858114242553711
0.030382871627807617
0.030595064163208008
0.03438138961791992
0.03447103500366211
0.033016204833984375
0.030724763870239258
0.029952287673950195
0.03387331962585449
0.034279584884643555
0.03220176696777344
0.027913808822631836
0.03643226623535156

0.08450651168823242
0.022765159606933594
0.027228116989135742
0.027092933654785156
0.026279449462890625
0.019336700439453125
0.027152299880981445
0.027496814727783203
0.024560928344726562
0.023691177368164062
0.022588014602661133
0.025074243545532227
0.024537086486816406
0.02568197250366211
0.03043842315673828
0.03143048286437988
0.04280495643615723
0.03212857246398926
0.028862476348876953
0.03195667266845703
0.03454756736755371
0.029998779296875
0.02940964698791504
0.029998064041137695
0.030026912689208984
0.023507356643676758
0.027088642120361328
0.026957988739013672
0.023529052734375
0.02145862579345703
0.026626110076904297
0.028089523315429688
0.02494525909423828
0.022098779678344727
0.02449321746826172
0.03502392768859863
0.026604413986206055
0.026875734329223633
0.02107524871826172
0.02225661277770996
0.026256799697875977
0.02693963050842285
0.019388914108276367
0.03261995315551758
0.027010679244995117
0.025110244750976562
0.02640080451965332
0.02329111099243164
0.023803234100341797
0.024827003479003906
0.029842376708984375
0.02643585205078125
0.028574705123901367
0.018077850341796875
0.026400327682495117
0.024916887283325195
0.02603936195373535
0.018364906311035156
0.0271604061126709
0.025890588760375977
0.021619796752929688
0.031351566314697266
0.022681236267089844
0.021994829177856445
0.029269695281982422
0.025912046432495117
0.023833036422729492
0.022770404815673828
0.022940874099731445
0.029566049575805664
0.026269912719726562
0.028148651123046875
0.02464008331298828
0.019530296325683594
0.028232097625732422
0.026467323303222656
0.02591419219970703
0.018968820571899414
0.02729010581970215
0.026412248611450195
0.02134418487548828
0.027123212814331055
0.022248506546020508
0.02841806411743164
0.0233917236328125
0.02565765380859375
0.0257112979888916
0.021436452865600586
0.024526119232177734
0.026220083236694336
0.017629384994506836
0.026793956756591797
0.026233434677124023
0.031180620193481445
0.029417991638183594
0.01961803436279297
0.025437593460083008
0.023522138595581055
0.033103227615356445
0.027279376983642578
0.025208711624145508
0.02029705047607422
0.027394533157348633
0.026057004928588867
0.02263164520263672
0.0272519588470459
0.02206134796142578
0.029112577438354492
0.021893739700317383
0.023146390914916992
0.027617216110229492
0.025810956954956055
0.03028583526611328
0.025148630142211914
0.02417612075805664
0.02272939682006836
0.02586984634399414
0.024001121520996094
0.02543950080871582
0.02192401885986328
0.028328895568847656
0.025723934173583984
0.026221275329589844
0.02484583854675293
0.021222352981567383
0.02760148048400879
0.025175809860229492
0.023302793502807617
0.0225527286529541
0.02230238914489746
0.02513265609741211
0.024549484252929688
0.028445720672607422
0.027630090713500977
0.02324366569519043
0.027982473373413086
0.024985074996948242
0.02975916862487793
0.02826857566833496
0.02166295051574707
0.02190542221069336
0.02455592155456543
0.022356510162353516
0.02367091178894043
0.024221420288085938
0.026567459106445312
0.024944305419921875
0.024431467056274414
0.021857023239135742
0.02841806411743164
0.020267724990844727
0.02983856201171875
0.02362656593322754
0.022002696990966797
0.025316238403320312
0.027042865753173828
0.023195743560791016
0.020877599716186523
0.027116060256958008
0.024902820587158203
0.02337050437927246
0.023097991943359375
0.022294044494628906
0.029882192611694336
0.021742582321166992
0.0285947322845459
0.029429197311401367
0.018877744674682617
0.026365041732788086
0.025804758071899414
0.02765202522277832
0.024873733520507812
0.023105382919311523
0.02513909339904785
0.026580095291137695
0.023571252822875977
0.028871774673461914
0.02328801155090332
0.0260922908782959
0.02904820442199707
0.022082805633544922
0.022135257720947266
0.024857759475708008
0.02111363410949707
0.02885150909423828
0.03152775764465332
0.025649070739746094
0.019087553024291992
0.022068500518798828
0.027048587799072266
0.02434372901916504
0.021732091903686523
0.02236461639404297
0.026114225387573242
0.02259373664855957
0.05661749839782715
0.021680116653442383
0.024855852127075195
0.026407480239868164
0.023972034454345703
0.03971242904663086
0.02580404281616211
0.03233766555786133
0.022383689880371094
0.02876567840576172
0.026613950729370117
0.03495621681213379
0.029499292373657227
0.03724169731140137
0.030883312225341797
0.027205944061279297
0.033102989196777344
0.0327601432800293
0.0301516056060791
0.032156944274902344
0.03138422966003418
0.02312469482421875
0.029861927032470703
0.022489547729492188
0.02834177017211914
0.021362781524658203
0.029886960983276367
0.025493621826171875
0.023006200790405273
0.02553868293762207
0.025312185287475586
0.02636885643005371
0.019043445587158203
0.02591228485107422
0.02667713165283203
0.024677038192749023
0.025713205337524414
0.021331787109375
0.029673337936401367
0.022165298461914062
0.027261734008789062
0.02943253517150879
0.019806385040283203
0.026729345321655273
0.027416229248046875
0.02776169776916504
0.026783466339111328
0.01807999610900879
0.029486417770385742
0.028993844985961914
0.02652764320373535
0.03122425079345703
0.026070117950439453
0.026697874069213867
0.023058176040649414


