0.013316060557509914
0.0007069931037749571

0.015074014663696289
0.012999773025512695
0.012637138366699219
0.012999534606933594
0.013410091400146484
0.01399993896484375
0.013956785202026367
0.01300048828125
0.01399993896484375
0.013451576232910156
0.013031005859375
0.013968944549560547
0.012921810150146484
0.013866186141967773
0.01400136947631836
0.014024019241333008
0.013993978500366211
0.013999700546264648
0.013013362884521484
0.01254892349243164
0.013961553573608398
0.014998912811279297
0.013001203536987305
0.013997077941894531
0.01300191879272461
0.012999296188354492
0.012000322341918945
0.014001131057739258
0.013000011444091797
0.013998985290527344
0.01300048828125
0.012000560760498047
0.013999223709106445
0.012001276016235352
0.013998270034790039
0.012999534606933594
0.012000322341918945
0.012998104095458984
0.013000726699829102
0.013003110885620117
0.013996362686157227
0.013003110885620117
0.013047933578491211
0.01295161247253418
0.012998819351196289
0.013001441955566406
0.01501321792602539
0.012986183166503906
0.013000726699829102
0.012998580932617188
0.013001203536987305
0.013000011444091797
0.012999534606933594
0.01300048828125
0.012998104095458984
0.013001680374145508
0.01299738883972168
0.013001441955566406
0.013000011444091797
0.012018680572509766
0.01298069953918457
0.014001846313476562
0.014999151229858398
0.013007879257202148
0.012991189956665039
0.014002084732055664
