C:\Users\Asus\Desktop\Cloud-Services\simulator>python simulator.py -ni 1
integrate
0.0
0.0
0.0
0.0
0.0
0.0
0.0
0.0
0.0
0.0
0.0009663105010986328
0.0
0.0
0.0
0.0
0.0
0.001004934310913086
0.0
0.0
0.0
0.0
0.0
0.0
0.0
0.0
0.0
0.0
0.0
0.0
0.0
0.0
0.0
0.0
0.0
0.0
0.0
0.0
0.0
0.0
0.0
0.0
0.0
0.0
0.0
0.0
0.0
0.0
0.0
0.0
0.0
0.0
0.0
0.0
0.0
0.0
0.0
0.0
0.0
0.0
0.0
0.0
0.0
0.0
0.0
0.0
0.0
0.0
0.0
0.0
0.0
0.0
0.0
0.0
0.0
0.0
0.0
0.0
0.0
0.0
0.0
0.015575408935546875
0.0
0.0
0.0
0.0
0.0
0.0
0.0
0.0
0.0
0.0
0.0
0.0
0.0
0.0
0.0
0.0
0.0
0.0
0.0
0.0
0.0
0.0
0.0
0.0
0.0
0.0
0.0
0.0
0.0
0.0
0.0
0.0
0.0
0.0
0.0
0.0
0.0
0.0
0.0
0.0
0.0
0.0
0.0
0.0
0.0
0.0
0.0
0.0
0.0
0.0
0.0
0.0
0.0
0.0
0.0
0.0
0.0
0.0
0.0
0.0
0.0
0.0
0.0
0.0
0.015633344650268555
0.0
0.0
0.0
0.0
0.0
0.0
0.0
0.0
0.0
0.0
0.0
0.0
0.0
0.0
0.0
0.0
0.0
0.0
0.0
0.0
0.0
0.0
0.0
0.0
0.0
0.0
0.0
0.0
0.0
0.0
0.0
0.0
0.0
0.0
0.0
0.0
0.0
0.0
0.0
0.0
0.0
0.0
0.0
0.0
0.0
0.0
0.0
0.0
0.0
0.0
0.0
0.0
0.015692472457885742
0.0
0.0
0.0
0.0
0.0
0.0
0.0
0.0
0.0
0.0
0.0
0.0
0.0
0.0
0.0
0.0
0.0
0.0
0.0
0.0
0.0
0.0
0.0
0.0
0.0
0.0
0.0
0.0
0.0
0.0
0.0
0.0
0.0
0.0
0.0
0.0
0.0
0.0
0.0
0.0010097026824951172
0.0
0.0
0.0
0.0
0.0
0.0
0.0
0.0
0.0
0.0
0.0
###
[0.43357014656066895]
Mean integrate_boole.py 1: 0.43357014656066895
Std integrate_boole.py 1: 0.0
matrix
0.0
0.020783424377441406
0.0010132789611816406
0.0
0.0
0.0
0.0
0.0
0.0
0.0009865760803222656
0.0
0.0
0.0
0.0
0.0
0.0
0.0020558834075927734
0.0
0.0
0.0
0.0
0.0
0.0
0.0
0.0
0.0
0.0
0.0
0.0
0.0
0.0
0.0
0.0
0.0
0.0
0.0
0.0
0.0
0.0
0.0
0.0
0.0
0.0
0.015627384185791016
0.0
0.0
0.0
0.0
0.0
0.0
0.0
0.0
0.0
0.0
0.0
0.0
0.0
0.0
0.0
0.0
0.0
0.0
0.0
0.015651702880859375
0.0
0.0
0.0
0.0
0.0
0.0
0.0
0.0
0.0
0.0
0.0
0.015663862228393555
0.0
0.0
0.0
0.0
0.0
0.0
0.0
0.015613794326782227
0.0
0.0
0.0
0.0
0.0
0.0
0.0
0.015628337860107422
0.0
0.0
0.0
0.0
0.0
0.0
0.01562356948852539
0.0
0.0
0.0
0.0
0.0
0.015628814697265625
0.0
0.0
0.0
0.0
0.0
0.015603780746459961
0.0
0.006523847579956055
0.004001140594482422
0.002993345260620117
0.003026723861694336
0.0029952526092529297
0.0019888877868652344
0.003839254379272461
0.004000186920166016
0.002000570297241211
0.003995656967163086
0.0030066967010498047
0.0019979476928710938
0.003999471664428711
0.004000425338745117
0.002995014190673828
0.0029993057250976562
0.001996278762817383
0.0013391971588134766
0.0
0.0
0.0
0.0
0.016777515411376953
0.002984762191772461
0.004000425338745117
0.0010802745819091797
0.0
0.0
0.0
0.0
0.015629053115844727
0.006512641906738281
0.0
0.0
0.0
0.0
0.0156402587890625
0.0
0.0
0.025875329971313477
0.0050008296966552734
0.006006956100463867
0.006989240646362305
0.006002902984619141
0.001875162124633789
0.0
0.021746158599853516
0.005998849868774414
0.008012533187866211
0.005774736404418945
0.005997896194458008
0.008056402206420898
0.004972934722900391
0.00699925422668457
0.0069963932037353516
0.0060040950775146484
0.007999658584594727
0.006999015808105469
0.008005380630493164
0.006991863250732422
0.008016586303710938
0.005982398986816406
0.0050048828125
0.007998943328857422
0.006998777389526367
0.007003068923950195
0.007994890213012695
0.005002021789550781
0.009009122848510742
0.005987644195556641
0.006001472473144531
0.00599980354309082
0.006001949310302734
0.005995035171508789
0.0050013065338134766
0.008002042770385742
0.006007194519042969
0.007993221282958984
0.006002664566040039
0.005999326705932617
0.008000850677490234
0.006998300552368164
0.005995750427246094
0.005997657775878906
0.005997419357299805
0.008034467697143555
0.006972551345825195
0.005995750427246094
0.008994340896606445
0.009006977081298828
0.008992433547973633
0.011001825332641602
0.005999088287353516
0.010005712509155273
0.00599980354309082
0.009994983673095703
0.007001638412475586
0.009996175765991211
0.010007381439208984
0.00800013542175293
0.006995677947998047
0.008001327514648438
0.007016897201538086
0.010982990264892578
0.0110015869140625
0.008002042770385742
0.007002830505371094
0.008007049560546875
0.008987903594970703
0.012003421783447266
0.009004354476928711
0.010007381439208984
0.008990049362182617
0.009998798370361328
0.01199960708618164
0.013001680374145508
0.014000177383422852
0.012000799179077148
0.011999130249023438
0.009999990463256836
0.010002851486206055
0.007997512817382812
0.011001825332641602
0.00899648666381836
0.011000394821166992
0.011002063751220703
0.008997917175292969
0.009997367858886719
0.010002613067626953
0.011000394821166992
0.010004281997680664
0.009992837905883789
0.011038064956665039
0.009963274002075195
0.0110015869140625
0.012001752853393555
0.011001348495483398
0.015000581741333008
####
[1.4314963817596436]
Mean matrix_multiplier.py 1: 1.4314963817596436
Std matrix_multiplier.py 1: 0.0
0.04899954795837402
0.021935462951660156
0.020957469940185547
0.021961450576782227
0.02100348472595215
0.02406907081604004
0.021996498107910156
0.026000022888183594
0.023933887481689453
0.02599644660949707
0.02306962013244629
0.022027015686035156
0.021973371505737305
0.02393341064453125
0.023066043853759766
0.022005796432495117
0.021994352340698242
0.021928787231445312
0.028049468994140625
0.02199840545654297
0.022952795028686523
0.023962736129760742
0.0220186710357666
0.02201700210571289
0.023003578186035156
0.021997690200805664
0.020998477935791016
0.022975683212280273
0.022004365921020508
0.021998882293701172
0.021996736526489258
0.0249631404876709
0.02203226089477539
0.022000789642333984
0.023969650268554688
0.021030426025390625
0.022031068801879883
0.022005558013916016
0.023961544036865234
0.023039579391479492
0.021996259689331055
0.022004127502441406
0.023002147674560547
0.022994279861450195
0.022999286651611328
0.020999908447265625
0.022005319595336914
0.022045373916625977
0.02299952507019043
0.02199578285217285
0.024971723556518555
0.023993730545043945
0.02203536033630371
0.023996591567993164
0.021000385284423828
0.02200031280517578
0.02100062370300293
0.02099895477294922
0.0220491886138916
0.021999835968017578
0.023960590362548828
0.022037982940673828
0.021998882293701172
0.02196359634399414
0.02307271957397461
0.023973703384399414
0.023079633712768555
0.02193593978881836
0.02298760414123535
0.026175260543823242
0.021970033645629883
0.023998498916625977
0.023033857345581055
0.023931264877319336
0.02199697494506836
0.022998809814453125
0.021067380905151367
0.021998882293701172
0.021999359130859375
0.023934125900268555
0.022066354751586914
0.022001981735229492
0.021998882293701172
0.025001049041748047
0.024932384490966797
0.022035598754882812
0.023979663848876953
0.022032976150512695
0.021999359130859375
0.02203083038330078
0.0209348201751709
0.021998882293701172
0.02295994758605957
0.023041725158691406
0.021995067596435547
0.025000333786010742
0.020964622497558594
0.023000478744506836
0.021994829177856445
0.023004770278930664
0.021991491317749023
0.023004531860351562
0.02299976348876953
0.02300095558166504
0.021999120712280273
0.0220034122467041
0.021996736526489258
0.022001266479492188
0.02399468421936035
0.023000240325927734
0.022002220153808594
0.022000789642333984
0.015212059020996094
0.031824588775634766
0.02199697494506836
0.02307271957397461
0.021996498107910156
0.023999929428100586
0.022002696990966797
0.021929502487182617
0.022034883499145508
0.023001670837402344
0.02396106719970703
0.023039817810058594
0.021997451782226562
0.0229642391204834
0.023036956787109375
0.021999359130859375
0.02200174331665039
0.02200603485107422
0.0229947566986084
0.023001670837402344
0.021998882293701172
0.02199864387512207
0.022027254104614258
0.022008419036865234
0.02200007438659668
0.02300238609313965
0.021999597549438477
0.022998332977294922
0.020999670028686523
0.02196478843688965
0.022005319595336914
0.022040367126464844
0.022988319396972656
0.03901052474975586
0.02200150489807129
0.021999120712280273
0.02297663688659668
0.02202129364013672
0.02196526527404785
0.032041072845458984
0.022955894470214844
0.022039413452148438
0.02296161651611328
0.021037578582763672
0.02299809455871582
0.023039579391479492
0.02400517463684082
0.021996736526489258
0.02299785614013672
0.02300405502319336
0.021996021270751953
0.0220029354095459
0.024000883102416992
0.0229794979095459
0.022979021072387695
0.02403545379638672
0.02600264549255371
0.020996809005737305
0.023005247116088867
0.022030353546142578
0.021927356719970703
0.02306962013244629
0.02300429344177246
0.021956682205200195
0.022006511688232422
0.022964000701904297
0.022036314010620117
0.02299976348876953
0.02296280860900879
0.022042512893676758
0.022001981735229492
0.021955251693725586
0.023037433624267578
0.022999286651611328
0.02296614646911621
0.022997140884399414
0.023037195205688477
0.021999835968017578
0.02296757698059082
0.022037744522094727
0.021999120712280273
0.022952795028686523
0.023036956787109375
0.02499985694885254
0.023032188415527344
0.023931026458740234
0.02207016944885254
0.022999048233032227
0.022003650665283203
0.023000240325927734
0.023000478744506836
0.021999835968017578
0.023001909255981445
0.02200174331665039
0.021934032440185547
0.022066593170166016
0.02200031280517578
0.021929025650024414
0.022072553634643555
0.022001028060913086
0.021904706954956055
0.023067712783813477
0.023000717163085938
0.024976253509521484
0.02295398712158203
0.02299785614013672
0.024004220962524414
0.022032499313354492
0.02296590805053711
0.02203965187072754
0.02199554443359375
0.021999120712280273
0.02099919319152832
0.021999835968017578
0.02200007438659668
0.021003007888793945
0.021961212158203125
0.02403569221496582
0.021962404251098633
0.022997617721557617
0.02203845977783203
0.02299976348876953
0.02100086212158203
0.024062633514404297
0.023007869720458984
0.023000240325927734
0.021997690200805664
0.022013187408447266
0.02299952507019043
0.020999670028686523
0.022005558013916016
0.023995161056518555
0.023004770278930664
0.024304866790771484
0.022301912307739258
0.009059667587280273
0.031324148178100586
0.01562190055847168
###
[6.4714577198028564]
Mean sympy_calc.py 1: 6.4714577198028564
Std sympy_calc.py 1: 0.0
-------------
Total Simulation Time
-------------
8.355648517608643