mis@mis-VirtualBox:~/Desktop/Cloud-Services/simulator$ python3 simulator.py -ni 1
matrix
2.4318695068359375e-05
4.76837158203125e-05
1.430511474609375e-05
1.3589859008789062e-05
1.4781951904296875e-05
1.4066696166992188e-05
1.4543533325195312e-05
1.6450881958007812e-05
1.2159347534179688e-05
1.33514404296875e-05
1.7642974853515625e-05
2.0742416381835938e-05
3.790855407714844e-05
2.8371810913085938e-05
2.384185791015625e-05
2.956390380859375e-05
3.409385681152344e-05
3.218650817871094e-05
3.790855407714844e-05
4.935264587402344e-05
4.982948303222656e-05
5.054473876953125e-05
5.316734313964844e-05
6.127357482910156e-05
0.00010776519775390625
7.486343383789062e-05
7.43865966796875e-05
8.177757263183594e-05
8.726119995117188e-05
9.608268737792969e-05
0.00010156631469726562
0.00012254714965820312
0.00012350082397460938
0.00012636184692382812
0.0001316070556640625
0.00014066696166992188
0.0001552104949951172
0.0056531429290771484
0.0003631114959716797
0.00020694732666015625
0.0003445148468017578
0.00021958351135253906
0.00022220611572265625
0.00023055076599121094
0.0002593994140625
0.0002532005310058594
0.00026226043701171875
0.00029015541076660156
0.0002961158752441406
0.00031065940856933594
0.004508018493652344
0.0003502368927001953
0.00037169456481933594
0.0003745555877685547
0.00041031837463378906
0.0004067420959472656
0.00043845176696777344
0.00044918060302734375
0.0004987716674804688
0.0004878044128417969
0.0005331039428710938
0.0006463527679443359
0.0050792694091796875
0.0006649494171142578
0.0006473064422607422
0.0007352828979492188
0.0007922649383544922
0.0007979869842529297
0.0008280277252197266
0.0008630752563476562
0.011305570602416992
0.0011932849884033203
0.0012078285217285156
0.0009832382202148438
0.0010309219360351562
0.0011212825775146484
0.0014410018920898438
0.0011181831359863281
0.0011446475982666016
0.004658222198486328
0.0012969970703125
0.001299142837524414
0.0013668537139892578
0.0014109611511230469
0.013481616973876953
0.0016372203826904297
0.0016298294067382812
0.0016126632690429688
0.002199411392211914
0.004413604736328125
0.0024623870849609375
0.0018770694732666016
0.0018541812896728516
0.012741565704345703
0.002089262008666992
0.0020318031311035156
0.0020818710327148438
0.005438566207885742
0.002349853515625
0.0022306442260742188
0.016069650650024414
0.004091501235961914
0.01990509033203125
0.00750279426574707
0.009477853775024414
0.014346599578857422
0.0186307430267334
0.011829853057861328
0.0032091140747070312
0.020055532455444336
0.018416404724121094
0.0038437843322753906
0.00404810905456543
0.003177165985107422
0.028318405151367188
0.003230571746826172
0.014180421829223633
0.003568410873413086
0.014705419540405273
0.00769352912902832
0.0035796165466308594
0.015609264373779297
0.03791999816894531
0.003922462463378906
0.006763458251953125
0.014459848403930664
0.0045163631439208984
0.0043828487396240234
0.004826545715332031
0.004523515701293945
0.005933046340942383
0.0066111087799072266
0.004600048065185547
0.005114316940307617
0.004900217056274414
0.014865875244140625
0.005153656005859375
0.008888483047485352
0.016068458557128906
0.005455493927001953
0.009059667587280273
0.01808309555053711
0.006372213363647461
0.0230710506439209
0.015130996704101562
0.01886272430419922
0.02846217155456543
0.01201176643371582
0.020597219467163086
0.013010978698730469
0.018557071685791016
0.007585763931274414
0.0074405670166015625
0.01985311508178711
0.010682344436645508
0.019959449768066406
0.011438846588134766
0.02000117301940918
0.00896143913269043
0.019837617874145508
0.008867979049682617
0.019385099411010742
0.02963566780090332
0.01340174674987793
0.021442413330078125
0.027134180068969727
0.010462760925292969
0.019726037979125977
0.022280454635620117
0.011560440063476562
0.024172306060791016
0.011037349700927734
0.022442102432250977
0.026376008987426758
0.026033639907836914
0.022612571716308594
0.02688145637512207
0.023918628692626953
0.0199737548828125
0.022979021072387695
0.02726006507873535
0.014868974685668945
0.025246858596801758
0.02515554428100586
0.01626276969909668
0.02286362648010254
0.028822660446166992
0.016694068908691406
0.023494720458984375
0.01367497444152832
0.03608560562133789
0.022106647491455078
0.04813408851623535
0.023428916931152344
0.022269725799560547
0.029976367950439453
0.024168014526367188
0.033583879470825195
0.030628442764282227
0.020890474319458008
0.029266357421875
0.026310443878173828
0.026165485382080078
0.027182817459106445
0.02925729751586914
0.034145355224609375
0.02287006378173828
0.02615976333618164
0.030089855194091797
0.029942989349365234
0.03046417236328125
0.02982354164123535
0.031705617904663086
0.030507326126098633
0.024142742156982422
0.04031562805175781
0.025986433029174805
0.019344329833984375
0.032598257064819336
0.03299355506896973
0.046914100646972656
0.0343174934387207
0.0361940860748291
0.03353095054626465
0.0370335578918457
0.03677988052368164
0.028905630111694336
0.051210641860961914
0.037514448165893555
0.03875613212585449
0.028374671936035156
0.041132211685180664
0.025009870529174805
0.038330078125
0.03879141807556152
0.025858402252197266
0.043222904205322266
0.04889369010925293
0.03078436851501465
0.03636884689331055
0.03140521049499512
0.04149007797241211
0.0402071475982666
0.050583600997924805
0.0429384708404541
0.03845047950744629
0.0424041748046875
0.034175872802734375
0.056466102600097656
0.06845283508300781
####
[3.972768545150757]
Mean matrix_multiplier.py 1: 3.972768545150757
Std matrix_multiplier.py 1: 0.0
0.04828214645385742
0.0365297794342041
0.03131747245788574
0.035529136657714844
0.034224748611450195
0.04210257530212402
0.030415058135986328
0.07179808616638184
0.03319907188415527
0.04270458221435547
0.05022597312927246
0.026922225952148438
0.042159318923950195
0.03246283531188965
0.05668950080871582
0.039103031158447266
0.057929039001464844
0.0293881893157959
0.027149677276611328
0.04111790657043457
0.024547576904296875
0.04273676872253418
0.04835343360900879
0.06635928153991699
0.09831500053405762
0.045762062072753906
0.04941415786743164
0.0390167236328125
0.028658628463745117
0.030390501022338867
0.03606820106506348
0.034058332443237305
0.04417991638183594
0.04206538200378418
0.055541276931762695
0.03392481803894043
0.03240823745727539
0.03461003303527832
0.034134864807128906
0.023517608642578125
0.023907184600830078
0.03301286697387695
0.03384256362915039
0.04347872734069824
0.026092052459716797
0.03148603439331055
0.03297567367553711
0.03297162055969238
0.03255915641784668
0.03270578384399414
0.029181241989135742
0.03372764587402344
0.03323221206665039
0.035676002502441406
0.02955007553100586
0.03357267379760742
0.03239107131958008
0.02516460418701172
0.04316282272338867
0.034336090087890625
0.0298612117767334
0.04801511764526367
0.024152755737304688
0.053530216217041016
0.02411651611328125
0.03606152534484863
0.03436398506164551
0.03212881088256836
0.0326542854309082
0.03462839126586914
0.0402989387512207
0.045272111892700195
0.05336356163024902
0.023981571197509766
0.03448677062988281
0.033541202545166016
0.03432273864746094
0.03344893455505371
0.032976388931274414
0.03674197196960449
0.02521491050720215
0.021871089935302734
0.04185009002685547
0.03814125061035156
0.02719402313232422
0.032869577407836914
0.03143119812011719
0.04526925086975098
0.025438785552978516
0.05202841758728027
0.03034043312072754
0.034532785415649414
0.0418705940246582
0.03944754600524902
0.022375822067260742
0.03682065010070801
0.03402996063232422
0.0345759391784668
0.03421759605407715
0.03307533264160156
0.03397035598754883
0.02473926544189453
0.03158068656921387
0.03526139259338379
0.023115158081054688
0.033042192459106445
0.0455927848815918
0.024467945098876953
0.0322878360748291
0.03521442413330078
0.0329136848449707
0.03339672088623047
0.03671550750732422
0.02528095245361328
0.024660587310791016
0.02929830551147461
0.033847808837890625
0.042154788970947266
0.0447087287902832
0.053607940673828125
0.04284167289733887
0.03366422653198242
0.03167581558227539
0.032694339752197266
0.023523569107055664
0.04482293128967285
0.03387808799743652
0.033957481384277344
0.033048391342163086
0.03378915786743164
0.03316521644592285
0.024680376052856445
0.03188681602478027
0.034082889556884766
0.03327012062072754
0.03359222412109375
0.033646345138549805
0.03740382194519043
0.023874759674072266
0.022303104400634766
0.03284454345703125
0.048493146896362305
0.033785104751586914
0.03332877159118652
0.034761905670166016
0.03731393814086914
0.025569677352905273
0.03238058090209961
0.03368234634399414
0.04306745529174805
0.04388618469238281
0.03595447540283203
0.02665257453918457
0.0328364372253418
0.032608747482299805
0.03439807891845703
0.021401405334472656
0.03376436233520508
0.03338193893432617
0.03311800956726074
0.03316783905029297
0.03727102279663086
0.02659153938293457
0.030054807662963867
0.03905749320983887
0.03454256057739258
0.033799171447753906
0.10543131828308105
0.048233985900878906
0.05687904357910156
0.041457414627075195
0.06432056427001953
0.0802464485168457
0.03425955772399902
0.05728483200073242
0.023395061492919922
0.032041311264038086
0.03266787528991699
0.03222489356994629
0.04724884033203125
0.024620532989501953
0.03372502326965332
0.03306174278259277
0.03278183937072754
0.03325796127319336
0.04244685173034668
0.03419375419616699
0.034802913665771484
0.024484872817993164
0.042120933532714844
0.03715944290161133
0.03256654739379883
0.035103797912597656
0.035283565521240234
0.03359103202819824
0.06466150283813477
0.02622842788696289
0.03663134574890137
0.03742218017578125
0.025131940841674805
0.03175711631774902
0.032562971115112305
0.03242754936218262
0.03818988800048828
0.034783124923706055
0.03330516815185547
0.03293490409851074
0.04297971725463867
0.03539156913757324
0.0339808464050293
0.033925533294677734
0.02451038360595703
0.041675567626953125
0.032190561294555664
0.03327035903930664
0.03403425216674805
0.03370022773742676
0.03416156768798828
0.035604000091552734
0.023621320724487305
0.03496599197387695
0.031086444854736328
0.031102418899536133
0.03401827812194824
0.03411722183227539
0.03380227088928223
0.03452253341674805
0.02528691291809082
0.03403329849243164
0.033693790435791016
0.03214430809020996
0.03427624702453613
0.026469707489013672
0.03376650810241699
0.033570289611816406
0.036489009857177734
0.024328231811523438
0.032752275466918945
0.033557891845703125
0.03379511833190918
0.03605222702026367
0.023786306381225586
0.03482484817504883
0.03495621681213379
0.025096893310546875
0.03326988220214844
0.034631967544555664
0.03229856491088867
0.03374958038330078
0.02471160888671875
###
[9.983133316040039]
Mean sympy_calc.py 1: 9.983133316040039
Std sympy_calc.py 1: 0.0
integrate
0.00012540817260742188
6.866455078125e-05
6.127357482910156e-05
5.984306335449219e-05
9.1552734375e-05
6.842613220214844e-05
6.318092346191406e-05
6.103515625e-05
6.079673767089844e-05
6.008148193359375e-05
5.888938903808594e-05
5.9604644775390625e-05
6.031990051269531e-05
8.153915405273438e-05
6.29425048828125e-05
6.198883056640625e-05
6.031990051269531e-05
6.0558319091796875e-05
6.031990051269531e-05
5.984306335449219e-05
6.079673767089844e-05
9.179115295410156e-05
6.747245788574219e-05
6.222724914550781e-05
6.127357482910156e-05
5.9604644775390625e-05
6.127357482910156e-05
6.008148193359375e-05
5.91278076171875e-05
5.984306335449219e-05
9.393692016601562e-05
6.437301635742188e-05
6.222724914550781e-05
6.103515625e-05
6.151199340820312e-05
6.127357482910156e-05
6.0558319091796875e-05
5.936622619628906e-05
5.9604644775390625e-05
9.5367431640625e-05
8.106231689453125e-05
6.270408630371094e-05
6.151199340820312e-05
6.151199340820312e-05
5.9604644775390625e-05
7.987022399902344e-05
6.365776062011719e-05
8.0108642578125e-05
6.365776062011719e-05
6.103515625e-05
6.0558319091796875e-05
6.079673767089844e-05
7.891654968261719e-05
6.29425048828125e-05
9.107589721679688e-05
6.580352783203125e-05
6.270408630371094e-05
6.151199340820312e-05
6.079673767089844e-05
6.079673767089844e-05
0.0001595020294189453
6.985664367675781e-05
6.175041198730469e-05
5.8650970458984375e-05
8.487701416015625e-05
7.176399230957031e-05
6.365776062011719e-05
6.222724914550781e-05
6.222724914550781e-05
6.222724914550781e-05
6.151199340820312e-05
6.127357482910156e-05
6.222724914550781e-05
8.153915405273438e-05
6.365776062011719e-05
6.175041198730469e-05
6.103515625e-05
6.103515625e-05
6.103515625e-05
6.079673767089844e-05
6.008148193359375e-05
6.127357482910156e-05
7.2479248046875e-05
6.29425048828125e-05
6.151199340820312e-05
6.127357482910156e-05
6.0558319091796875e-05
5.936622619628906e-05
5.6743621826171875e-05
5.53131103515625e-05
9.036064147949219e-05
0.00018262863159179688
6.532669067382812e-05
6.341934204101562e-05
8.344650268554688e-05
6.365776062011719e-05
6.103515625e-05
6.103515625e-05
6.079673767089844e-05
6.103515625e-05
6.031990051269531e-05
6.008148193359375e-05
9.1552734375e-05
6.67572021484375e-05
6.175041198730469e-05
6.0558319091796875e-05
5.888938903808594e-05
5.936622619628906e-05
5.91278076171875e-05
5.984306335449219e-05
6.031990051269531e-05
9.393692016601562e-05
6.580352783203125e-05
6.151199340820312e-05
6.079673767089844e-05
6.0558319091796875e-05
6.031990051269531e-05
6.031990051269531e-05
5.91278076171875e-05
5.8650970458984375e-05
8.869171142578125e-05
6.270408630371094e-05
6.103515625e-05
6.008148193359375e-05
5.8650970458984375e-05
5.9604644775390625e-05
5.91278076171875e-05
5.9604644775390625e-05
9.608268737792969e-05
6.341934204101562e-05
6.127357482910156e-05
6.031990051269531e-05
6.031990051269531e-05
5.984306335449219e-05
6.103515625e-05
5.984306335449219e-05
5.984306335449219e-05
8.320808410644531e-05
6.198883056640625e-05
6.103515625e-05
5.9604644775390625e-05
5.888938903808594e-05
5.888938903808594e-05
5.888938903808594e-05
6.0558319091796875e-05
9.274482727050781e-05
6.794929504394531e-05
6.175041198730469e-05
6.031990051269531e-05
5.9604644775390625e-05
5.9604644775390625e-05
5.984306335449219e-05
5.984306335449219e-05
5.9604644775390625e-05
9.131431579589844e-05
6.341934204101562e-05
6.29425048828125e-05
0.0004706382751464844
9.465217590332031e-05
6.175041198730469e-05
5.841255187988281e-05
5.626678466796875e-05
5.53131103515625e-05
5.507469177246094e-05
5.507469177246094e-05
5.459785461425781e-05
8.797645568847656e-05
6.461143493652344e-05
6.222724914550781e-05
6.008148193359375e-05
6.0558319091796875e-05
6.008148193359375e-05
6.079673767089844e-05
6.008148193359375e-05
9.489059448242188e-05
6.437301635742188e-05
6.127357482910156e-05
6.103515625e-05
5.984306335449219e-05
6.0558319091796875e-05
6.008148193359375e-05
5.817413330078125e-05
5.7697296142578125e-05
8.273124694824219e-05
6.318092346191406e-05
6.151199340820312e-05
6.103515625e-05
6.008148193359375e-05
6.008148193359375e-05
6.103515625e-05
6.103515625e-05
9.393692016601562e-05
6.532669067382812e-05
6.0558319091796875e-05
5.9604644775390625e-05
5.9604644775390625e-05
5.984306335449219e-05
5.9604644775390625e-05
6.151199340820312e-05
6.103515625e-05
8.96453857421875e-05
6.365776062011719e-05
6.151199340820312e-05
6.079673767089844e-05
6.079673767089844e-05
6.031990051269531e-05
5.9604644775390625e-05
5.9604644775390625e-05
5.91278076171875e-05
8.106231689453125e-05
6.318092346191406e-05
6.008148193359375e-05
6.0558319091796875e-05
5.984306335449219e-05
6.031990051269531e-05
5.984306335449219e-05
6.031990051269531e-05
8.7738037109375e-05
6.842613220214844e-05
6.270408630371094e-05
6.079673767089844e-05
6.127357482910156e-05
6.103515625e-05
6.031990051269531e-05
6.008148193359375e-05
6.008148193359375e-05
9.1552734375e-05
0.009956598281860352
8.654594421386719e-05
6.556510925292969e-05
6.127357482910156e-05
5.793571472167969e-05
5.6743621826171875e-05
9.584426879882812e-05
5.91278076171875e-05
5.6743621826171875e-05
5.555152893066406e-05
5.507469177246094e-05
5.4836273193359375e-05
5.4836273193359375e-05
5.507469177246094e-05
9.059906005859375e-05
6.818771362304688e-05
6.29425048828125e-05
6.222724914550781e-05
6.079673767089844e-05
6.127357482910156e-05
5.936622619628906e-05
5.9604644775390625e-05
5.936622619628906e-05
###
[0.18384432792663574]
Mean integrate_boole.py 1: 0.18384432792663574
Std integrate_boole.py 1: 0.0
-------------
Total Simulation Time
-------------
14.160630702972412

